374,629364 165,591675
375,230103 195,312744
375,612274 225,300705
376,220398 255,900040
376,742950 287,295227
377,588013 319,515442
344,307709 164,699295
344,480682 194,429474
344,485168 224,491302
344,732025 255,232666
345,049377 286,636169
345,491394 319,029266
313,913483 163,431320
313,679352 193,377350
313,569519 223,519806
313,486816 254,459900
313,236359 285,903107
313,061340 318,605804
282,804779 162,354462
282,468750 192,314636
281,931946 222,664932
281,571411 253,611252
280,840179 285,478729
280,519653 318,120361
251,567200 160,923386
250,717316 191,023239
250,050644 221,679550
249,202362 253,063858
248,175812 284,914551
244,141418 309,115112
219,566406 159,434662
218,420471 189,687042
217,394379 220,576660
216,110641 252,128098
214,586411 284,918182
212,780594 317,661469
187,098236 157,764450
185,588272 188,408585
184,070938 219,509521
182,434280 251,381332
180,472778 283,940216
178,143585 317,549438
