374,766937 165,638580
375,301239 195,236801
375,743927 225,238068
376,280975 255,778305
376,826202 287,320679
377,617126 319,480347
344,429504 164,692688
344,511047 194,349792
344,617615 224,480438
344,838745 255,265427
345,262787 286,589996
345,610291 318,997894
313,950653 163,494247
313,697052 193,254669
313,673615 223,524796
313,542572 254,550125
313,354034 285,831421
313,242340 318,616638
283,066132 162,381714
282,526520 192,256683
282,053223 222,607635
281,624176 253,521103
281,159363 285,470520
280,772003 318,134186
251,608902 160,875229
250,838776 190,972855
250,116135 221,626923
249,285324 253,039948
248,390656 285,000732
250,749420 319,428741
219,621078 159,423645
218,546310 189,576370
217,501312 220,479843
216,244736 252,161163
214,701920 284,857666
212,956238 317,616119
187,287827 157,777405
185,705048 188,370987
184,250412 219,520447
182,490753 251,350281
180,574371 284,001343
178,222107 317,559326
