390,462860 167,480530
391,024261 196,782776
391,655640 226,664001
392,303101 257,072266
393,287811 288,199432
394,150208 320,337585
360,253754 167,013687
360,323700 196,251907
360,644043 226,072693
361,172180 256,536926
361,513763 287,560638
362,033142 319,592346
329,843048 166,274475
329,881348 195,485352
329,824158 225,451813
329,735382 255,830658
329,834839 287,195160
329,901550 319,322876
299,515564 165,390030
299,290344 194,838715
298,722839 224,822174
298,399048 255,416779
298,096649 286,744263
297,888306 318,954010
268,665161 164,486679
268,064758 194,161636
267,489990 224,252426
266,655273 254,774841
265,856750 286,348969
267,506531 320,031555
237,536148 163,399597
236,595428 193,125946
235,647049 223,343033
234,573410 254,293900
233,559875 285,991302
231,904877 318,664795
205,961884 162,254196
204,631531 192,194443
203,630844 222,704926
202,171432 253,495880
200,390015 285,585388
198,263458 318,606415
