0,082574 479,012024
-0,024489 479,114685
0,051969 0,171317
0,029623 0,278845
0,403601 77,025345
-0,013692 78,268967
-0,043322 478,890656
0,234265 480,790741
-0,095843 -2,218245
-0,215136 -0,222662
0,671431 77,545898
17,916775 100,890213
0,020618 479,294800
0,137924 478,259186
0,010627 0,058747
-0,154141 0,170403
-0,007880 78,068977
-0,490370 110,458977
-0,332189 479,120514
-0,007774 483,806519
-3,939743 -19,129271
0,026222 0,189211
-0,009745 77,688728
-0,339744 78,464500
-0,006478 479,051941
-0,739507 475,033508
0,194392 0,373788
-0,103403 0,027216
0,415668 78,287483
-0,088561 77,953690
113,841621 477,493225
126,162224 480,552368
125,528313 -0,259700
125,438606 -0,081278
128,356033 78,273170
127,959877 78,004135
139,370346 478,273438
132,252106 467,016968
-248,247253 3,196639
124,933128 -0,094208
122,777885 79,998344
178,144623 93,587814
