0,097359 479,065063
-0,937302 478,556000
0,030359 -0,744743
-0,018383 -0,047764
-0,089511 64,322830
-0,640776 65,031647
0,007392 478,900909
-0,879165 479,033783
0,930510 64,574921
-0,023756 -0,003281
-0,032124 66,751907
-0,017720 63,598896
-0,567487 480,003967
1,541140 463,319122
0,208438 64,302711
-0,097516 64,173126
-1,015809 63,357079
0,366382 63,200279
-0,013000 478,944000
0,497707 453,331848
-0,031745 63,897964
-1,006997 62,481052
-0,096699 78,017822
0,012280 75,390533
-0,000193 478,449219
0,253162 478,853241
-1,521771 70,203720
0,015914 478,880890
-0,008016 67,772728
-0,044215 53,939125
-0,926396 483,709290
2,614453 472,735596
0,210810 -0,503946
-0,081515 -0,789425
4,179719 68,939316
0,615687 51,781864
-0,278722 481,308655
-17,143230 520,012390
0,398647 2,748685
0,868363 -3,262876
-0,746101 59,323166
1,239892 57,612572
