0,004612 478,837463
-7,207663 57,466988
0,013165 0,010500
-0,000385 0,374940
-0,097894 77,544380
0,026699 77,623642
-0,020511 478,799805
0,048722 51,107826
-0,234940 51,155354
-1,911329 -4,817296
0,037143 49,022999
0,050433 65,610832
-0,043449 478,486420
0,201584 52,158905
1,070163 49,406815
0,152455 0,168921
-1,042824 78,394363
1,455626 111,037300
0,040416 478,695557
0,238827 75,234787
0,376548 0,445413
0,009448 0,141233
0,179996 0,773162
0,200895 77,584305
-212,228424 664,124939
-0,049872 50,418213
0,079864 2,485572
0,129950 -0,019419
-0,131288 76,767738
-0,073381 173,492722
-0,200276 479,304260
-0,813514 481,579773
0,523318 0,560413
-1111,926025 -495,116150
14,291167 93,716324
-0,460513 168,707901
-0,064749 479,420288
2,397778 467,748901
1,059378 -2,531174
7,307024 5,311046
139,477798 77,030098
141,114105 49,391075
